** Factorization Machine **

@learning_params
Regula:L2
MiniBatch:0
Iterations:100
LearningRate:0.0001
RateDecay:0.1
Epsilon:0.01
BatchNorm:false

@architecture_params
Input:4
Output:1
FM_K:10
Activation:sigmoid

@weight
0.571059
0.0344964
-0.664573
-0.388613
0.242121

@interaction_0
-0.424128,-0.183117,-0.766855,0.0756734,0.802469,-0.443818,0.269796,-0.978502,-0.0717746,-0.420356
0.481176,-0.353443,0.209047,-0.227905,-0.766816,0.897455,0.166683,0.275926,0.173365,-0.582868
-0.242016,0.454119,-0.307466,0.351241,0.944956,0.399284,0.536412,-0.203568,-0.691863,0.816602
0.168416,0.438962,0.0295294,-0.404187,0.818669,0.518182,-0.304931,-0.190819,0.179677,-0.685169

